245 136
246 136
246 136
246 136
247 136
247 136
247 136
247 136
248 138
247 139
247 137
247 140
248 140
247 140
248 138
248 138
248 137
248 137
248 136
248 136
248 136
249 137
249 137
250 137
250 137
250 138
250 137
250 137
250 137
250 137
249 135
249 134
249 135
249 136
249 139
249 139
249 139
250 140
250 139
250 140
249 140
250 139
249 139
250 140
250 140
250 140
251 136
251 138
251 138
251 138
251 138
252 140
252 140
251 139
251 139
251 140
251 139
251 137
251 141
251 140
251 139
251 139
250 140
250 136
249 132
248 136
248 136
247 136
247 135
247 137
247 137
247 139
246 138
246 136
246 136
246 137
245 136
246 136
246 135
246 135
247 136
247 134
248 135
248 135
248 134
248 134
248 132
248 133
248 133
248 133
247 132
247 136
248 136
248 136
248 135
249 136
249 135
250 137
250 135
251 135
251 136
252 135
253 137
253 138
253 137
253 135
254 134
254 138
253 138
253 136
253 136
254 138
254 136
255 136
256 136
258 140
258 138
260 138
261 138
262 142
263 139
264 138
264 139
264 139
264 139
264 139
266 138
264 134
265 137
264 136
264 136
265 136
263 132
261 132
260 132
258 132
255 133
252 132
250 132
247 131
246 132
243 132
240 134
237 134
235 133
234 132
233 131
232 132
231 131
231 134
231 132
231 132
232 131
232 133
232 132
233 133
234 133
234 133
235 133
235 133
235 134
235 133
235 134
235 133
235 133
236 134
238 133
240 135
242 133
245 133
247 133
249 134
252 133
254 133
256 133
259 133
261 135
262 136
263 132
265 133
266 133
265 133
266 133
267 135
266 133
266 133
266 136
266 136
266 134
265 135
264 137
263 135
263 136
263 135
262 136
261 133
260 130
258 134
256 132
255 130
