244 128
244 128
244 128
244 128
244 128
244 128
244 128
244 128
244 128
245 128
245 129
245 130
246 130
246 131
246 132
246 132
247 132
247 132
247 131
247 131
247 130
247 130
247 130
248 130
248 130
248 130
249 130
249 130
249 130
249 130
249 129
249 129
248 128
248 128
248 129
248 130
248 130
248 131
248 132
248 132
248 132
248 132
248 132
248 132
248 133
248 133
249 132
249 132
249 132
249 132
249 132
250 132
250 132
250 132
250 132
250 133
250 133
250 132
250 132
250 132
250 132
250 132
250 132
250 130
249 128
248 126
248 126
247 125
246 124
246 125
245 126
245 127
245 128
244 128
244 128
244 128
243 128
243 128
243 127
243 127
243 127
243 127
244 127
244 126
245 126
245 125
245 124
245 124
245 123
245 123
245 122
246 123
246 124
246 126
246 126
247 127
247 127
247 128
248 128
248 128
249 129
249 129
250 130
251 130
251 130
251 130
252 129
252 129
252 130
252 129
252 129
252 128
253 127
253 126
254 125
254 127
255 128
256 128
257 128
258 129
259 129
260 130
261 130
262 130
263 130
263 130
264 130
264 129
264 129
264 129
264 129
264 129
264 128
263 126
262 125
261 124
259 124
257 123
254 123
252 122
249 122
246 122
243 122
241 122
238 122
235 122
233 122
230 122
229 121
227 122
226 122
225 123
225 123
225 123
225 123
226 123
226 123
227 123
228 123
229 123
230 123
230 123
231 123
231 123
232 124
233 124
234 123
235 124
236 125
239 125
241 124
243 125
245 125
248 125
250 125
253 125
256 126
258 127
260 125
262 125
264 125
266 125
266 125
268 125
268 125
269 125
269 126
269 127
268 126
268 126
267 127
266 127
265 127
264 128
264 128
263 127
261 125
260 124
258 124
257 122
